1851  0.00205
 0.00140  0.00093  0.00060  0.00038  0.00023  0.00013  0.00008  0.00004  0.00002  0.00001 
1852  0.02529
 0.01766  0.01203  0.00799  0.00518  0.00328  0.00204  0.00124  0.00074  0.00044  0.00025 
1853  0.02529
 0.02156  0.01795  0.01460  0.01159  0.00898  0.00680  0.00502  0.00363  0.00256  0.00177 
1854  0.02121
 0.01961  0.01771  0.01566  0.01356  0.01151  0.00959  0.00784  0.00630  0.00498  0.00386 
1855  0.01121
 0.01253  0.01301  0.01284  0.01219  0.01123  0.01009  0.00887  0.00765  0.00647  0.00540 
1856 -0.00165
 0.00222  0.00495  0.00673  0.00776  0.00819  0.00817  0.00784  0.00729  0.00662  0.00588 
1857 -0.01634
-0.01017 -0.00535 -0.00168  0.00103  0.00293  0.00418  0.00491  0.00525  0.00530  0.00513 
1858 -0.02816
-0.02121 -0.01539 -0.01059 -0.00670 -0.00362 -0.00125  0.00052  0.00179  0.00264  0.00316 
1859 -0.03633
-0.02952 -0.02353 -0.01832 -0.01387 -0.01010 -0.00698 -0.00445 -0.00243 -0.00086  0.00031 
1860 -0.04103
-0.03491 -0.02931 -0.02423 -0.01969 -0.01569 -0.01221 -0.00922 -0.00671 -0.00463 -0.00295 
1861 -0.04459
-0.03890 -0.03360 -0.02871 -0.02424 -0.02020 -0.01660 -0.01341 -0.01063 -0.00823 -0.00620 
1862 -0.04633
-0.04132 -0.03653 -0.03200 -0.02776 -0.02384 -0.02024 -0.01699 -0.01408 -0.01150 -0.00924 
1863 -0.04398
-0.04054 -0.03696 -0.03333 -0.02973 -0.02625 -0.02292 -0.01981 -0.01694 -0.01432 -0.01196 
1864 -0.03755
-0.03619 -0.03430 -0.03203 -0.02950 -0.02684 -0.02412 -0.02144 -0.01886 -0.01641 -0.01413 
1865 -0.02634
-0.02768 -0.02806 -0.02765 -0.02664 -0.02520 -0.02345 -0.02151 -0.01949 -0.01745 -0.01545 
1866 -0.01165
-0.01576 -0.01855 -0.02024 -0.02102 -0.02109 -0.02061 -0.01971 -0.01853 -0.01715 -0.01566 
1867  0.00122
-0.00419 -0.00840 -0.01154 -0.01376 -0.01519 -0.01595 -0.01617 -0.01595 -0.01540 -0.01460 
1868  0.01060
 0.00500  0.00031 -0.00352 -0.00657 -0.00889 -0.01058 -0.01170 -0.01234 -0.01258 -0.01248 
1869  0.01591
 0.01094  0.00654  0.00271 -0.00056 -0.00328 -0.00547 -0.00717 -0.00842 -0.00926 -0.00975 
1870  0.01773
 0.01382  0.01015  0.00677  0.00372  0.00103 -0.00128 -0.00322 -0.00479 -0.00601 -0.00691 
1871  0.01651
 0.01391  0.01127  0.00866  0.00616  0.00382  0.00169 -0.00020 -0.00184 -0.00320 -0.00431 
1872  0.01295
 0.01173  0.01024  0.00857  0.00682  0.00504  0.00332  0.00170  0.00022 -0.00109 -0.00223 
1873  0.00826
 0.00820  0.00775  0.00700  0.00602  0.00491  0.00371  0.00251  0.00133  0.00022 -0.00080 
1874  0.00539
 0.00555  0.00546  0.00514  0.00464  0.00400  0.00326  0.00245  0.00161  0.00078 -0.00003 
1875  0.00826
 0.00699  0.00594  0.00506  0.00429  0.00358  0.00290  0.00223  0.00157  0.00092  0.00029 
1876  0.01886
 0.01463  0.01132  0.00874  0.00675  0.00518  0.00394  0.00292  0.00207  0.00133  0.00067 
1877  0.03651
 0.02853  0.02214  0.01706  0.01306  0.00993  0.00747  0.00553  0.00400  0.00277  0.00178 
1878  0.05589
 0.04513  0.03617  0.02876  0.02269  0.01774  0.01374  0.01051  0.00792  0.00584  0.00417 
1879  0.06936
 0.05840  0.04876  0.04037  0.03311  0.02690  0.02164  0.01722  0.01353  0.01048  0.00798 
1880  0.07171
 0.06338  0.05542  0.04792  0.04099  0.03467  0.02900  0.02399  0.01962  0.01585  0.01263 
1881  0.06406
 0.05967  0.05474  0.04948  0.04412  0.03883  0.03376  0.02899  0.02461  0.02065  0.01712 
1882  0.04824
 0.04837  0.04717  0.04496  0.04201  0.03858  0.03490  0.03112  0.02740  0.02382  0.02047 
1883  0.02825
 0.03236  0.03470  0.03558  0.03530  0.03413  0.03230  0.03001  0.02745  0.02474  0.02201 
1884  0.00887
 0.01552  0.02039  0.02372  0.02574  0.02667  0.02672  0.02608  0.02490  0.02335  0.02155 
1885 -0.00817
-0.00008  0.00640  0.01142  0.01516  0.01778  0.01944  0.02028  0.02046  0.02010  0.01933 
1886 -0.01869
-0.01110 -0.00458  0.00091  0.00542  0.00901  0.01174  0.01370  0.01497  0.01566  0.01585 
1887 -0.02225
-0.01639 -0.01099 -0.00609 -0.00177  0.00196  0.00507  0.00758  0.00951  0.01091  0.01183 
1888 -0.02103
-0.01715 -0.01326 -0.00948 -0.00591 -0.00263  0.00029  0.00283  0.00496  0.00668  0.00800 
1889 -0.01817
-0.01572 -0.01309 -0.01036 -0.00765 -0.00502 -0.00256 -0.00030  0.00170  0.00342  0.00486 
1890 -0.01869
-0.01605 -0.01348 -0.01100 -0.00861 -0.00635 -0.00422 -0.00225 -0.00047  0.00113  0.00252 
1891 -0.02460
-0.02041 -0.01676 -0.01356 -0.01074 -0.00824 -0.00602 -0.00403 -0.00226 -0.00070  0.00068 
1892 -0.03338
-0.02762 -0.02267 -0.01842 -0.01476 -0.01161 -0.00889 -0.00654 -0.00450 -0.00274 -0.00121 
1893 -0.03990
-0.03392 -0.02857 -0.02383 -0.01963 -0.01594 -0.01271 -0.00989 -0.00745 -0.00534 -0.00352 
1894 -0.03929
-0.03513 -0.03101 -0.02700 -0.02317 -0.01959 -0.01629 -0.01329 -0.01061 -0.00823 -0.00615 
1895 -0.03103
-0.02996 -0.02822 -0.02601 -0.02350 -0.02084 -0.01814 -0.01551 -0.01300 -0.01067 -0.00854 
1896 -0.01756
-0.01973 -0.02073 -0.02079 -0.02013 -0.01895 -0.01741 -0.01564 -0.01377 -0.01188 -0.01003 
1897 -0.00348
-0.00784 -0.01093 -0.01294 -0.01404 -0.01442 -0.01422 -0.01358 -0.01264 -0.01148 -0.01020 
1898  0.00652
 0.00173 -0.00210 -0.00506 -0.00724 -0.00873 -0.00962 -0.01001 -0.00999 -0.00964 -0.00905 
1899  0.01060
 0.00683  0.00350  0.00065 -0.00173 -0.00363 -0.00508 -0.00610 -0.00674 -0.00704 -0.00705 
1900  0.00826
 0.00657  0.00476  0.00293  0.00118 -0.00041 -0.00180 -0.00294 -0.00383 -0.00447 -0.00486 
1901 -0.00052
 0.00070  0.00120  0.00115  0.00074  0.00011 -0.00063 -0.00137 -0.00207 -0.00266 -0.00312 
1902 -0.01460
-0.01015 -0.00693 -0.00471 -0.00328 -0.00245 -0.00204 -0.00193 -0.00200 -0.00217 -0.00237 
1903 -0.03103
-0.02384 -0.01815 -0.01372 -0.01036 -0.00785 -0.00604 -0.00477 -0.00390 -0.00333 -0.00297 
1904 -0.04572
-0.03712 -0.02991 -0.02393 -0.01904 -0.01508 -0.01194 -0.00947 -0.00755 -0.00610 -0.00500 
1905 -0.05571
-0.04721 -0.03970 -0.03314 -0.02746 -0.02262 -0.01852 -0.01511 -0.01230 -0.01001 -0.00816 
1906 -0.06275
-0.05463 -0.04725 -0.04058 -0.03463 -0.02935 -0.02474 -0.02073 -0.01729 -0.01437 -0.01191 
1907 -0.06927
-0.06116 -0.05373 -0.04694 -0.04079 -0.03526 -0.03032 -0.02594 -0.02209 -0.01873 -0.01581 
1908 -0.07744
-0.06864 -0.06064 -0.05339 -0.04683 -0.04093 -0.03564 -0.03091 -0.02670 -0.02297 -0.01969 
1909 -0.08631
-0.07681 -0.06817 -0.06035 -0.05327 -0.04688 -0.04114 -0.03599 -0.03138 -0.02727 -0.02363 
1910 -0.09274
-0.08346 -0.07484 -0.06687 -0.05955 -0.05285 -0.04675 -0.04122 -0.03622 -0.03174 -0.02772 
1911 -0.09100
-0.08416 -0.07726 -0.07045 -0.06384 -0.05751 -0.05154 -0.04597 -0.04082 -0.03611 -0.03183 
1912 -0.08040
-0.07738 -0.07351 -0.06903 -0.06416 -0.05911 -0.05401 -0.04902 -0.04421 -0.03965 -0.03538 
1913 -0.06223
-0.06366 -0.06352 -0.06212 -0.05976 -0.05671 -0.05319 -0.04938 -0.04545 -0.04152 -0.03768 
1914 -0.04103
-0.04615 -0.04937 -0.05097 -0.05126 -0.05050 -0.04891 -0.04672 -0.04410 -0.04121 -0.03816 
1915 -0.02286
-0.02970 -0.03483 -0.03845 -0.04075 -0.04192 -0.04215 -0.04159 -0.04040 -0.03874 -0.03673 
1916 -0.01165
-0.01809 -0.02341 -0.02766 -0.03089 -0.03318 -0.03462 -0.03530 -0.03532 -0.03478 -0.03379 
1917 -0.00643
-0.01158 -0.01614 -0.02007 -0.02335 -0.02597 -0.02795 -0.02930 -0.03008 -0.03034 -0.03013 
1918 -0.00287
-0.00729 -0.01130 -0.01487 -0.01796 -0.02057 -0.02269 -0.02431 -0.02547 -0.02618 -0.02648 
1919  0.00243
-0.00231 -0.00651 -0.01019 -0.01338 -0.01609 -0.01833 -0.02014 -0.02153 -0.02252 -0.02315 
1920  0.01182
 0.00561  0.00028 -0.00425 -0.00809 -0.01129 -0.01394 -0.01609 -0.01779 -0.01909 -0.02003 
1921  0.02121
 0.01418  0.00805  0.00276 -0.00178 -0.00563 -0.00887 -0.01154 -0.01371 -0.01543 -0.01675 
1922  0.02886
 0.02168  0.01527  0.00960  0.00461  0.00027 -0.00346 -0.00662 -0.00927 -0.01144 -0.01318 
1923  0.03416
 0.02736  0.02112  0.01545  0.01034  0.00578  0.00175 -0.00175 -0.00476 -0.00731 -0.00942 
1924  0.03998
 0.03299  0.02659  0.02077  0.01550  0.01076  0.00654  0.00281 -0.00046 -0.00329 -0.00570 
1925  0.04589
 0.03869  0.03208  0.02605  0.02057  0.01562  0.01117  0.00721  0.00370  0.00062 -0.00205 
1926  0.05293
 0.04516  0.03807  0.03164  0.02581  0.02055  0.01582  0.01159  0.00782  0.00449  0.00157 
1927  0.05884
 0.05103  0.04381  0.03718  0.03111  0.02559  0.02058  0.01607  0.01203  0.00843  0.00524 
1928  0.06293
 0.05550  0.04851  0.04198  0.03590  0.03029  0.02514  0.02045  0.01619  0.01236  0.00894 
1929  0.06641
 0.05923  0.05244  0.04604  0.04004  0.03444  0.02926  0.02448  0.02011  0.01613  0.01253 
1930  0.07058
 0.06327  0.05640  0.04995  0.04391  0.03828  0.03305  0.02821  0.02375  0.01967  0.01594 
1931  0.07588
 0.06815  0.06094  0.05423  0.04799  0.04220  0.03683  0.03186  0.02728  0.02308  0.01923 
1932  0.08170
 0.07355  0.06598  0.05895  0.05243  0.04639  0.04080  0.03564  0.03089  0.02651  0.02251 
1933  0.08700
 0.07872  0.07097  0.06374  0.05700  0.05074  0.04494  0.03957  0.03461  0.03005  0.02586 
1934  0.09170
 0.08342  0.07562  0.06829  0.06143  0.05502  0.04905  0.04351  0.03837  0.03363  0.02926 
1935  0.09935
 0.09003  0.08146  0.07354  0.06624  0.05949  0.05326  0.04749  0.04215  0.03723  0.03268 
1936  0.11047
 0.09950  0.08958  0.08059  0.07242  0.06498  0.05820  0.05199  0.04629  0.04107  0.03627 
1937  0.12516
 0.11208  0.10037  0.08988  0.08048  0.07201  0.06438  0.05747  0.05120  0.04550  0.04031 
1938  0.14159
 0.12660  0.11317  0.10114  0.09036  0.08069  0.07201  0.06420  0.05717  0.05081  0.04506 
1939  0.15628
 0.14043  0.12603  0.11296  0.10112  0.09041  0.08074  0.07202  0.06414  0.05704  0.05063 
1940  0.16862
 0.15257  0.13775  0.12413  0.11163  0.10020  0.08979  0.08031  0.07170  0.06390  0.05684 
1941  0.17862
 0.16276  0.14794  0.13414  0.12133  0.10948  0.09857  0.08855  0.07938  0.07101  0.06338 
1942  0.18626
 0.17094  0.15643  0.14275  0.12992  0.11792  0.10675  0.09640  0.08685  0.07805  0.06997 
1943  0.19157
 0.17704  0.16312  0.14983  0.13722  0.12530  0.11410  0.10361  0.09384  0.08477  0.07638 
1944  0.19452
 0.18104  0.16793  0.15527  0.14310  0.13148  0.12044  0.11000  0.10019  0.09100  0.08242 
1945  0.19270
 0.18124  0.16973  0.15829  0.14704  0.13608  0.12549  0.11535  0.10569  0.09654  0.08794 
1946  0.18626
 0.17734  0.16793  0.15820  0.14833  0.13846  0.12870  0.11917  0.10995  0.10110  0.09265 
1947  0.17627
 0.16999  0.16287  0.15511  0.14690  0.13841  0.12979  0.12117  0.11266  0.10434  0.09629 
1948  0.16514
 0.16097  0.15581  0.14986  0.14328  0.13623  0.12887  0.12133  0.11371  0.10613  0.09866 
1949  0.15628
 0.15300  0.14891  0.14411  0.13872  0.13285  0.12660  0.12008  0.11338  0.10659  0.09980 
1950  0.15106
 0.14768  0.14379  0.13942  0.13463  0.12946  0.12397  0.11821  0.11226  0.10618  0.10003 
1951  0.15219
 0.14723  0.14231  0.13737  0.13235  0.12723  0.12198  0.11659  0.11109  0.10548  0.09982 
1952  0.15393
 0.14829  0.14278  0.13737  0.13200  0.12665  0.12131  0.11594  0.11055  0.10514  0.09973 
1953  0.15280
 0.14771  0.14253  0.13727  0.13197  0.12664  0.12129  0.11595  0.11060  0.10528  0.09998 
1954  0.14750
 0.14393  0.13989  0.13550  0.13083  0.12595  0.12094  0.11583  0.11068  0.10552  0.10036 
1955  0.13985
 0.13782  0.13510  0.13181  0.12806  0.12394  0.11955  0.11495  0.11021  0.10537  0.10049 
1956  0.13455
 0.13277  0.13048  0.12774  0.12460  0.12110  0.11730  0.11325  0.10901  0.10461  0.10011 
1957  0.13690
 0.13318  0.12962  0.12613  0.12262  0.11904  0.11535  0.11154  0.10759  0.10353  0.09936 
1958  0.14576
 0.13931  0.13361  0.12849  0.12379  0.11938  0.11516  0.11104  0.10697  0.10290  0.09882 
1959  0.15984
 0.15032  0.14205  0.13481  0.12840  0.12264  0.11738  0.11249  0.10786  0.10342  0.09912 
1960  0.17097
 0.16051  0.15111  0.14263  0.13498  0.12804  0.12171  0.11588  0.11047  0.10541  0.10062 
1961  0.17749
 0.16743  0.15804  0.14929  0.14116  0.13362  0.12663  0.12014  0.11409  0.10844  0.10314 
1962  0.17566
 0.16798  0.16024  0.15256  0.14503  0.13773  0.13073  0.12406  0.11773  0.11175  0.10609 
1963  0.16810
 0.16317  0.15763  0.15167  0.14545  0.13910  0.13274  0.12647  0.12035  0.11442  0.10872 
1964  0.15689
 0.15461  0.15136  0.14734  0.14273  0.13770  0.13238  0.12691  0.12138  0.11587  0.11043 
1965  0.14454
 0.14433  0.14300  0.14073  0.13770  0.13405  0.12993  0.12546  0.12075  0.11589  0.11097 
1966  0.13637
 0.13640  0.13564  0.13417  0.13205  0.12938  0.12622  0.12266  0.11878  0.11465  0.11035 
1967  0.13516
 0.13369  0.13204  0.13015  0.12799  0.12553  0.12276  0.11969  0.11635  0.11278  0.10901 
1968  0.13750
 0.13456  0.13178  0.12906  0.12634  0.12356  0.12066  0.11763  0.11444  0.11111  0.10762 
1969  0.14159
 0.13742  0.13358  0.13000  0.12659  0.12328  0.12001  0.11675  0.11345  0.11010  0.10668 
1970  0.14454
 0.14000  0.13572  0.13166  0.12778  0.12405  0.12041  0.11685  0.11333  0.10983  0.10633 
1971  0.14394
 0.14013  0.13628  0.13243  0.12860  0.12480  0.12105  0.11734  0.11367  0.11004  0.10645 
1972  0.14046
 0.13776  0.13477  0.13156  0.12818  0.12469  0.12112  0.11752  0.11390  0.11029  0.10668 
1973  0.13577
 0.13402  0.13185  0.12934  0.12654  0.12353  0.12034  0.11704  0.11364  0.11019  0.10671 
1974  0.12925
 0.12869  0.12754  0.12590  0.12383  0.12143  0.11875  0.11586  0.11280  0.10962  0.10636 
1975  0.12577
 0.12504  0.12396  0.12255  0.12082  0.11882  0.11656  0.11407  0.11139  0.10854  0.10556 
1976  0.12690
 0.12491  0.12298  0.12104  0.11904  0.11695  0.11474  0.11239  0.10989  0.10727  0.10452 
1977  0.13577
 0.13087  0.12672  0.12314  0.11997  0.11707  0.11434  0.11168  0.10904  0.10638  0.10367 
1978  0.15280
 0.14386  0.13643  0.13021  0.12496  0.12046  0.11652  0.11297  0.10969  0.10660  0.10361 
1979  0.17392
 0.16135  0.15069  0.14167  0.13401  0.12747  0.12184  0.11691  0.11254  0.10860  0.10496 
1980  0.19565
 0.18039  0.16716  0.15571  0.14582  0.13725  0.12982  0.12334  0.11764  0.11257  0.10802 
1981  0.21208
 0.19631  0.18216  0.16950  0.15822  0.14820  0.13931  0.13144  0.12444  0.11822  0.11264 
1982  0.22207
 0.20723  0.19345  0.18071  0.16902  0.15834  0.14863  0.13984  0.13190  0.12473  0.11826 
1983  0.22503
 0.21228  0.19995  0.18814  0.17692  0.16637  0.15652  0.14738  0.13896  0.13122  0.12412 
1984  0.22503
 0.21397  0.20302  0.19230  0.18190  0.17190  0.16236  0.15334  0.14486  0.13693  0.12954 
1985  0.22564
 0.21528  0.20504  0.19500  0.18521  0.17573  0.16659  0.15785  0.14952  0.14162  0.13417 
1986  0.23033
 0.21922  0.20858  0.19837  0.18858  0.17919  0.17020  0.16159  0.15338  0.14555  0.13811 
1987  0.24207
 0.22854  0.21610  0.20459  0.19389  0.18388  0.17449  0.16563  0.15725  0.14931  0.14179 
1988  0.25788
 0.24188  0.22734  0.21409  0.20197  0.19082  0.18052  0.17096  0.16203  0.15368  0.14583 
1989  0.27440
 0.25662  0.24041  0.22562  0.21210  0.19970  0.18831  0.17781  0.16809  0.15907  0.15067 
1990  0.28726
 0.26925  0.25252  0.23701  0.22265  0.20936  0.19707  0.18570  0.17518  0.16543  0.15639 
1991  0.29491
 0.27789  0.26170  0.24637  0.23190  0.21830  0.20557  0.19367  0.18258  0.17225  0.16263 
1992  0.29900
 0.28322  0.26795  0.25323  0.23913  0.22569  0.21294  0.20089  0.18953  0.17887  0.16887 
1993  0.30256
 0.28745  0.27276  0.25854  0.24483  0.23167  0.21908  0.20708  0.19569  0.18490  0.17471 
1994  0.30847
 0.29300  0.27814  0.26387  0.25018  0.23708  0.22455  0.21259  0.20120  0.19036  0.18008 
1995  0.32081
 0.30322  0.28679  0.27140  0.25693  0.24329  0.23040  0.21818  0.20660  0.19562  0.18519 
1996  0.33898
 0.31850  0.29972  0.28243  0.26646  0.25164  0.23783  0.22490  0.21277  0.20135  0.19059 
1997  0.36071
 0.33739  0.31613  0.29669  0.27888  0.26249  0.24737  0.23336  0.22033  0.20817  0.19680 
1998  0.38244
 0.35719  0.33403  0.31278  0.29327  0.27532  0.25879  0.24353  0.22940  0.21630  0.20411 
1999  0.40417
 0.37728  0.35250  0.32968  0.30866  0.28929  0.27143  0.25494  0.23970  0.22558  0.21249 
2000  0.42590
 0.39755  0.37133  0.34709  0.32470  0.30402  0.28491  0.26724  0.25090  0.23578  0.22176 
2001  0.44763
 0.41794  0.39040  0.36486  0.34120  0.31929  0.29900  0.28021  0.26281  0.24669  0.23175 
2002  0.46936
 0.43843  0.40965  0.38290  0.35805  0.33498  0.31357  0.29371  0.27529  0.25820  0.24235 
2003  0.49108
 0.45899  0.42905  0.40116  0.37518  0.35101  0.32854  0.30765  0.28824  0.27021  0.25346 
2004  0.51281
 0.47962  0.44858  0.41959  0.39255  0.36733  0.34383  0.32195  0.30159  0.28264  0.26502 
2005  0.53454
 0.50029  0.46820  0.43818  0.41011  0.38388  0.35940  0.33657  0.31528  0.29544  0.27696 
2006  0.55627
 0.52101  0.48792  0.45689  0.42784  0.40064  0.37521  0.35145  0.32927  0.30856  0.28924 
2007  0.57800
 0.54177  0.50770  0.47572  0.44571  0.41758  0.39124  0.36658  0.34352  0.32197  0.30183 
2008  0.59973
 0.56256  0.52756  0.49465  0.46372  0.43469  0.40745  0.38192  0.35801  0.33563  0.31469 
2009  0.62146
 0.58338  0.54748  0.51366  0.48185  0.45193  0.42383  0.39746  0.37271  0.34953  0.32780 
2010  0.64319
 0.60423  0.56744  0.53276  0.50008  0.46931  0.44037  0.41316  0.38761  0.36363  0.34114 
2011  0.66492
 0.62510  0.58746  0.55193  0.51840  0.48680  0.45704  0.42903  0.40269  0.37793  0.35469 
2012  0.68665
 0.64599  0.60753  0.57116  0.53682  0.50440  0.47384  0.44504  0.41792  0.39241  0.36843 
2013  0.70838
 0.66691  0.62763  0.59046  0.55531  0.52210  0.49076  0.46119  0.43331  0.40706  0.38235 
2014  0.73011
 0.68784  0.64777  0.60981  0.57388  0.53990  0.50778  0.47746  0.44884  0.42186  0.39643 
2015  0.75184
 0.70880  0.66795  0.62922  0.59252  0.55778  0.52491  0.49384  0.46450  0.43680  0.41067 
2016  0.77357
 0.72976  0.68816  0.64867  0.61122  0.57573  0.54213  0.51034  0.48028  0.45187  0.42506 
2017  0.79538
 0.75081  0.70844  0.66819  0.63000  0.59378  0.55945  0.52694  0.49617  0.46708  0.43958 
2018  0.81737
 0.77200  0.72885  0.68784  0.64889  0.61193  0.57687  0.54365  0.51219  0.48241  0.45424 
2019  0.83954
 0.79335  0.74941  0.70763  0.66792  0.63022  0.59443  0.56050  0.52834  0.49787  0.46904 
2020  0.86161
 0.81470  0.77002  0.72750  0.68706  0.64862  0.61212  0.57748  0.54463  0.51348  0.48398 
2021  0.88378
 0.83611  0.79069  0.74743  0.70627  0.66712  0.62991  0.59458  0.56104  0.52922  0.49906 
2022  0.90577
 0.85743  0.81133  0.76738  0.72552  0.68569  0.64779  0.61177  0.57756  0.54508  0.51427 
2023  0.92767
 0.87868  0.83192  0.78731  0.74478  0.70427  0.66572  0.62903  0.59417  0.56104  0.52959 
2024  0.94949
 0.89987  0.85246  0.80721  0.76403  0.72288  0.68367  0.64635  0.61084  0.57708  0.54500 
2025  0.97104
 0.92086  0.87288  0.82702  0.78324  0.74147  0.70164  0.66369  0.62756  0.59318  0.56049 
2026  0.99243
 0.94170  0.89316  0.84674  0.80237  0.76001  0.71959  0.68104  0.64431  0.60933  0.57605 
2027  1.01346
 0.96227  0.91324  0.86629  0.82139  0.77847  0.73748  0.69836  0.66106  0.62550  0.59164 
2028  1.03432
 0.98266  0.93314  0.88570  0.84028  0.79683  0.75531  0.71564  0.67778  0.64167  0.60726 
2029  1.05475
 1.00272  0.95278  0.90489  0.85901  0.81507  0.77304  0.73285  0.69447  0.65782  0.62287 
2030  1.07491
 1.02251  0.97218  0.92387  0.87755  0.83315  0.79064  0.74997  0.71108  0.67393  0.63847 
2031  1.09481
 1.04207  0.99136  0.94266  0.89591  0.85108  0.80812  0.76698  0.72762  0.68998  0.65402 
2032  1.11428
 1.06126  1.01024  0.96119  0.91407  0.86884  0.82545  0.78387  0.74406  0.70596  0.66953 
2033  1.13341
 1.08013  1.02883  0.97946  0.93199  0.88639  0.84261  0.80063  0.76039  0.72185  0.68498 
2034  1.15209
 1.09862  1.04708  0.99743  0.94966  0.90372  0.85959  0.81722  0.77659  0.73764  0.70033 
2035  1.17043
 1.11678  1.06502  1.01512  0.96707  0.92082  0.87636  0.83364  0.79263  0.75330  0.71559 
2036  1.18834
 1.13455  1.08261  1.03250  0.98421  0.93769  0.89292  0.84988  0.80852  0.76882  0.73074 
2037  1.20590
 1.15198  1.09988  1.04959  1.00107  0.95430  0.90925  0.86591  0.82424  0.78420  0.74576 
2038  1.22311
 1.16909  1.11685  1.06638  1.01766  0.97066  0.92537  0.88175  0.83977  0.79942  0.76065 
2039  1.23979
 1.18574  1.13343  1.08284  1.03396  0.98677  0.94124  0.89737  0.85513  0.81447  0.77539 
2040  1.25613
 1.20205  1.14966  1.09897  1.04995  1.00258  0.95687  0.91277  0.87027  0.82935  0.78998 
2041  1.27204
 1.21796  1.16554  1.11476  1.06563  1.01813  0.97223  0.92794  0.88521  0.84405  0.80441 
2042  1.28760
 1.23353  1.18108  1.13024  1.08102  1.03339  0.98734  0.94286  0.89994  0.85854  0.81866 
2043  1.30272
 1.24870  1.19626  1.14539  1.09610  1.04837  1.00219  0.95756  0.91445  0.87285  0.83273 
2044  1.31741
 1.26347  1.21106  1.16019  1.11086  1.06305  1.01677  0.97200  0.92873  0.88694  0.84662 
2045  1.33167
 1.27783  1.22548  1.17464  1.12529  1.07743  1.03107  0.98619  0.94278  0.90083  0.86032 
2046  1.34566
 1.29190  1.23960  1.18877  1.13942  1.09152  1.04509  1.00012  0.95659  0.91449  0.87381 
2047  1.35913
 1.30552  1.25334  1.20257  1.15323  1.10533  1.05885  1.01380  0.97016  0.92794  0.88711 
2048  1.37226
 1.31879  1.26671  1.21602  1.16672  1.11882  1.07232  1.02721  0.98350  0.94117  0.90021 
2049  1.38503
 1.33172  1.27976  1.22915  1.17991  1.13203  1.08551  1.04037  0.99659  0.95416  0.91309 
2050  1.39746
 1.34432  1.29249  1.24197  1.19279  1.14495  1.09844  1.05327  1.00943  0.96694  0.92576 
2051  1.40946
 1.35652  1.30485  1.25446  1.20537  1.15757  1.11109  1.06591  1.02204  0.97948  0.93823 
2052  1.42110
 1.36837  1.31687  1.26662  1.21763  1.16990  1.12346  1.07829  1.03440  0.99180  0.95048 
2053  1.43240
 1.37989  1.32857  1.27846  1.22959  1.18194  1.13555  1.09041  1.04652  1.00389  0.96251 
2054  1.44335
 1.39107  1.33994  1.29000  1.24124  1.19370  1.14737  1.10227  1.05839  1.01574  0.97433 
2055  1.45396
 1.40191  1.35099  1.30122  1.25261  1.20517  1.15892  1.11387  1.07002  1.02737  0.98593 
2056  1.46430
 1.41248  1.36176  1.31216  1.26369  1.21637  1.17021  1.12522  1.08140  1.03877  0.99731 
2057  1.47421
 1.42267  1.37219  1.32279  1.27449  1.22730  1.18124  1.13632  1.09255  1.04994  1.00848 
2058  1.48386
 1.43257  1.38232  1.33312  1.28499  1.23794  1.19200  1.14717  1.10346  1.06088  1.01944 
2059  1.49316
 1.44216  1.39215  1.34316  1.29521  1.24832  1.20250  1.15777  1.11413  1.07160  1.03018 
2060  1.50220
 1.45147  1.40170  1.35293  1.30517  1.25843  1.21275  1.16812  1.12456  1.08209  1.04070 
2061  1.51089
 1.46045  1.41095  1.36241  1.31485  1.26829  1.22274  1.17823  1.13477  1.09236  1.05102 
2062  1.51932
 1.46917  1.41993  1.37162  1.32426  1.27788  1.23249  1.18810  1.14474  1.10241  1.06112 
2063  1.52749
 1.47763  1.42865  1.38058  1.33343  1.28723  1.24199  1.19774  1.15449  1.11224  1.07101 
2064  1.53540
 1.48583  1.43712  1.38928  1.34235  1.29634  1.25126  1.20715  1.16401  1.12186  1.08070 
2065  1.54296
 1.49372  1.44530  1.39772  1.35101  1.30520  1.26030  1.21634  1.17332  1.13127  1.09019 
2066  1.55035
 1.50140  1.45324  1.40591  1.35943  1.31382  1.26910  1.22529  1.18241  1.14047  1.09948 
2067  1.55748
 1.50883  1.46095  1.41388  1.36763  1.32222  1.27768  1.23403  1.19129  1.14946  1.10856 
2068  1.56434
 1.51601  1.46842  1.42161  1.37559  1.33040  1.28605  1.24256  1.19996  1.15825  1.11746 
2069  1.57095
 1.52294  1.47564  1.42909  1.38332  1.33835  1.29419  1.25088  1.20842  1.16685  1.12616 
2070  1.57729
 1.52961  1.48261  1.43634  1.39082  1.34607  1.30212  1.25898  1.21668  1.17524  1.13467 
2071  1.58347
 1.53609  1.48938  1.44338  1.39810  1.35358  1.30983  1.26688  1.22474  1.18344  1.14299 
2072  1.58938
 1.54232  1.49592  1.45019  1.40517  1.36088  1.31734  1.27457  1.23260  1.19145  1.15112 
2073  1.59511
 1.54837  1.50226  1.45681  1.41204  1.36797  1.32464  1.28207  1.24027  1.19927  1.15907 
2074  1.60068
 1.55424  1.50842  1.46323  1.41871  1.37488  1.33176  1.28938  1.24776  1.20690  1.16684 
2075  1.60598
 1.55987  1.51436  1.46945  1.42519  1.38160  1.33869  1.29651  1.25506  1.21437  1.17444 
2076  1.61111
 1.56532  1.52010  1.47547  1.43147  1.38812  1.34543  1.30345  1.26218  1.22165  1.18187 
2077  1.61606
 1.57059  1.52566  1.48131  1.43757  1.39445  1.35199  1.31021  1.26912  1.22876  1.18913 
2078  1.62084
 1.57568  1.53105  1.48698  1.44349  1.40062  1.35838  1.31680  1.27590  1.23570  1.19622 
2079  1.62545
 1.58060  1.53626  1.49247  1.44924  1.40661  1.36459  1.32321  1.28250  1.24247  1.20315 
2080  1.62988
 1.58535  1.54131  1.49779  1.45482  1.41243  1.37063  1.32947  1.28895  1.24909  1.20992 
2081  1.63414
 1.58992  1.54618  1.50294  1.46023  1.41808  1.37652  1.33556  1.29523  1.25555  1.21654 
2082  1.63822
 1.59432  1.55088  1.50792  1.46547  1.42357  1.38223  1.34149  1.30135  1.26185  1.22300 
2083  1.64222
 1.59861  1.55545  1.51276  1.47057  1.42891  1.38779  1.34726  1.30732  1.26800  1.22931 
2084  1.64596
 1.60268  1.55983  1.51743  1.47550  1.43409  1.39321  1.35288  1.31314  1.27400  1.23548 
2085  1.64970
 1.60669  1.56411  1.52196  1.48029  1.43912  1.39846  1.35835  1.31881  1.27985  1.24150 
2086  1.65317
 1.61050  1.56821  1.52635  1.48494  1.44401  1.40359  1.36369  1.32434  1.28557  1.24738 
2087  1.65656
 1.61418  1.57218  1.53059  1.48944  1.44876  1.40856  1.36888  1.32973  1.29114  1.25313 
2088  1.65987
 1.61777  1.57604  1.53472  1.49382  1.45337  1.41340  1.37393  1.33499  1.29658  1.25874 
2089  1.66300
 1.62120  1.57976  1.53871  1.49806  1.45786  1.41811  1.37886  1.34011  1.30189  1.26422 
2090  1.66604
 1.62453  1.58336  1.54257  1.50218  1.46221  1.42270  1.38365  1.34511  1.30707  1.26958 
2091  1.66891
 1.62770  1.58682  1.54630  1.50617  1.46644  1.42715  1.38832  1.34998  1.31213  1.27481 
2092  1.67169
 1.63077  1.59017  1.54991  1.51003  1.47054  1.43148  1.39286  1.35472  1.31706  1.27992 
2093  1.67438
 1.63374  1.59341  1.55341  1.51377  1.47453  1.43569  1.39729  1.35934  1.32187  1.28490 
2094  1.67699
 1.63662  1.59655  1.55681  1.51742  1.47840  1.43979  1.40160  1.36385  1.32657  1.28978 
2095  1.67942
 1.63935  1.59956  1.56008  1.52094  1.48216  1.44377  1.40579  1.36825  1.33115  1.29454 
2096  1.68186
 1.64204  1.60250  1.56327  1.52436  1.48582  1.44765  1.40988  1.37253  1.33562  1.29918 
2097  1.68412
 1.64459  1.60532  1.56635  1.52769  1.48937  1.45142  1.41386  1.37671  1.33999  1.30372 
2098  1.68638
 1.64709  1.60807  1.56934  1.53091  1.49282  1.45509  1.41773  1.38078  1.34425  1.30816 
2099  1.68846
 1.64946  1.61071  1.57223  1.53404  1.49618  1.45866  1.42151  1.38476  1.34841  1.31249 
2100  1.69046
 1.65173  1.61324  1.57501  1.53706  1.49943  1.46213  1.42519  1.38863  1.35247  1.31673 
