1860        0.4322
1861        0.4407
1862        0.4482
1863        0.4566
1864        0.4683
1865        0.4866
1866        0.5160
1867        0.5598
1868        0.6194
1869        0.6921
1870        0.7615
1871        0.8445
1872        0.9208
1873        0.9866
1874        1.0409
1875        1.0852
1876        1.1221
1877        1.1544
1878        1.1846
1879        1.2140
1880        1.2427
1881        1.2704
1882        1.2965
1883        1.3200
1884        1.3394
1885        1.3511
1886        1.3504
1887        1.3326
1888        1.2956
1889        1.2419
1890        1.1779
1891        1.1118
1892        1.0509
1893        1.0003
1894        0.9636
1895        0.9447
1896        0.9477
1897        0.9766
1898        1.0320
1899        1.1094
1900        1.1998
1901        1.2926
1902        1.3786
1903        1.4517
1904        1.5095
1905        1.5516
1906        1.5790
1907        1.5930
1908        1.5957
1909        1.5901
1910        1.5797
1911        1.5679
1912        1.5574
1913        1.5501
1914        1.5472
1915        1.5502
1916        1.5606
1917        1.5803
1918        1.6094
1919        1.6463
1920        1.6874
1921        1.7287
1922        1.7665
1923        1.7982
1924        1.8226
1925        1.8381
1926        1.8431
1927        1.8363
1928        1.8177
1929        1.7896
1930        1.7561
1931        1.7221
1932        1.6915
1933        1.6661
1934        1.6446
1935        1.6216
1936        1.5885
1937        1.5366
1938        1.4612
1939        1.3645
1940        1.2552
1941        1.1445
1942        1.0427
1943        0.9576
1944        0.8957
1945        0.8653
1946        0.8776
1947        0.9428
1948        1.0642
1949        1.2330
1950        1.4300
1951        1.6321
1952        1.8194
1953        1.9800
1954        2.1120
1955        2.2228
1956        2.3260
1957        2.4363
1958        2.5632
1959        2.7073
1960        2.8610
1961        3.0130
1962        3.1527
1963        3.2744
1964        3.3798
1965        3.4787
1966        3.5872
1967        3.7216
1968        3.8910
1969        4.0927
1970        4.3125
1971        4.5319
1972        4.7339
1973        4.9085
1974        5.0538
1975        5.1753
1976        5.2835
1977        5.3899
1978        5.5023
1979        5.6225
1980        5.7468
1981        5.8686
1982        5.9817
1983        6.0819
1984        6.1678
1985        6.2392
1986        6.2966
1987        6.3409
1988        6.3734
1989        6.3964
1990        6.4129
1991        6.4264
1992        6.4397
1993        6.4560
1994        6.4813
1995        6.5271
1996        6.6106
1997        6.7487
1998        6.9482
1999        7.1998
2000        7.4795
2001        7.7574
2002        8.0081
2003        8.2175
2004        8.3850
2005        8.5216
2006        8.6453
2007        8.7740
2008        8.9188
2009        9.0807
2010        9.2519
2011        9.4203
2012        9.5747
2013        9.7073
2014        9.8126
2015       10.0000
2016       10.0000
2017       10.0000
2018       10.0000
2019       10.0000
2020       10.0000
2021        9.8330
2022        9.6678
2023        9.5044
2024        9.3426
2025        9.1826
2026        9.0242
2027        8.8675
2028        8.7124
2029        8.5589
2030        8.4070
2031        8.2567
2032        8.1079
2033        7.9607
2034        7.8149
2035        7.6706
2036        7.5278
2037        7.3864
2038        7.2465
2039        7.1080
2040        6.9708
2041        6.8351
2042        6.7006
2043        6.5675
2044        6.4358
2045        6.3053
2046        6.1761
2047        6.0482
2048        5.9215
2049        5.7960
2050        5.6718
2051        5.5487
2052        5.4269
2053        5.3062
2054        5.1866
2055        5.0682
2056        4.9509
2057        4.8347
2058        4.7196
2059        4.6056
2060        4.4927
2061        4.3808
2062        4.2699
2063        4.1600
2064        4.0512
2065        3.9433
2066        3.8365
2067        3.7306
2068        3.6256
2069        3.5216
2070        3.4185
2071        3.3164
2072        3.2151
2073        3.1147
2074        3.0152
2075        2.9166
2076        2.8189
2077        2.7219
2078        2.6259
2079        2.5306
2080        2.4362
2081        2.3425
2082        2.2497
2083        2.1576
2084        2.0663
2085        1.9758
2086        1.8860
2087        1.7969
2088        1.7086
2089        1.6210
2090        1.5341
2091        1.4480
2092        1.3625
2093        1.2776
2094        1.1935
2095        1.1100
2096        1.0272
2097        0.9451
2098        0.8635
2099        0.7826
2100        0.7024
