
def IMAGE_region_AnthroFrac_interim():
    region_anthrofracs = [ 
               0.0142615732, 0.1093003711, 0.0061251645, 0.0037878788, 0.0314330072, 
               0.0398570417, 0.0071843322, 0.030558866, 
               0.0246707403, 0.1340446144,
               0.0363763327, 0.0219024474, 0.0066135519, 0.0199073431,
               0.0291325956, 0.0358886482, 0.0207617613, 0.163942518,
               0.0034105231, 0.0982882148, 0.0413243539,
               0.0145223231, 0.0030751177, 0.0715019683,
               0.0055623254, 0.0265666813,
               0.0, 1.0
                        ]
    return region_anthrofracs

def IMAGE_region_AnthroFrac_2100():
    region_anthrofracs = [ 
                     0.06162338, 0.03760773, 0.02586763, 0.024009486, 0.070130249, 
                     0.046743529, 0.022041558, 0.008173209, 
                     0.010323401, 0.036942718, 
                     0.03029611, 0.050394728, 0.025446967, 0.059891322, 
                     0.066698171, 0.089827371, 0.030837917, 0.013641158, 
                     0.037825027, 0.05510478, 0.031404485, 
                     0.032271453, 0.018391604, 0.085746544, 
                     0.01979857, 0.008572431, 
                     0.000388473, 1.0,
                        ]
    return region_anthrofracs
    
def IMAGE_region_AnthroFrac_2010():
    region_anthrofracs = [ 
                     0.083041563, 0.047108456, 0.027826726, 0.024205858, 0.057672361,
                     0.048473774, 0.025894445, 0.021519193, 
                     0.024383354, 0.036986737, 
                     0.028213092, 0.030637825, 0.026704561, 0.034451413, 
                     0.060242271, 0.064711355, 0.05159975, 0.0151588, 
                     0.019783542, 0.026968601, 0.030612595, 
                     0.026806039, 0.009265277, 0.12853056, 
                     0.02827539, 0.020493017, 
                     0.000433445, 1.0,
                        ]
    return region_anthrofracs

