192.9668
193.8676
194.7736
195.7319
196.657
197.6699
198.7723
199.869
200.9854
202.0523
203.2103
204.226
205.3866
206.4737
207.5625
208.6605
209.7885
210.9402
212.0906
213.2134
214.3846
215.4464
216.5499
217.5479
218.5229
219.4268
220.3101
221.19
221.9848
222.7898
223.5132
224.2819
224.9766
225.7432
226.5508
227.3943
228.1414
228.9585
229.7374
230.5135
231.4019
232.0205
232.4844
232.9566
233.3883
233.7977
234.0935
234.3366
234.5797
234.8354
235.1163
235.5046
235.8581
236.1866
236.5224
236.87
237.1541
237.3165
237.5033
237.7241
237.9243
238.1485
238.3392
238.4879
238.6129
238.7302
238.9047
239.0138
239.0954
239.2295
239.3068
239.389
239.409
239.4884
239.5244
239.5676
239.5964
239.6438
239.7064
239.6972
239.727
239.7091
239.7279
239.7457
239.7839
239.7213
239.7265
239.7037
239.6889
239.6727
239.6745
239.6706
239.5931
239.5405
239.3924
239.331
239.3162
239.347
239.3822
239.4779
-1e+20
