4.559999e-11
4.581287e-11
4.602697e-11
4.625343e-11
4.647203e-11
4.671138e-11
4.69719e-11
4.723105e-11
4.749487e-11
4.774699e-11
4.802065e-11
4.826068e-11
4.853493e-11
4.879182e-11
4.90491e-11
4.930857e-11
4.957513e-11
4.98473e-11
5.011916e-11
5.038448e-11
5.066124e-11
5.091217e-11
5.117292e-11
5.140875e-11
5.163917e-11
5.185277e-11
5.20615e-11
5.226944e-11
5.245726e-11
5.264749e-11
5.281841e-11
5.300008e-11
5.316424e-11
5.334539e-11
5.353624e-11
5.373556e-11
5.391211e-11
5.41052e-11
5.428925e-11
5.447266e-11
5.468261e-11
5.482878e-11
5.493841e-11
5.504999e-11
5.5152e-11
5.524876e-11
5.531866e-11
5.537609e-11
5.543356e-11
5.549396e-11
5.556036e-11
5.565212e-11
5.573565e-11
5.581328e-11
5.589262e-11
5.597477e-11
5.604191e-11
5.608029e-11
5.612442e-11
5.617661e-11
5.622391e-11
5.627689e-11
5.632195e-11
5.63571e-11
5.638662e-11
5.641435e-11
5.645558e-11
5.648138e-11
5.650065e-11
5.653235e-11
5.655061e-11
5.657003e-11
5.657475e-11
5.659353e-11
5.660203e-11
5.661225e-11
5.661904e-11
5.663025e-11
5.664503e-11
5.664287e-11
5.664991e-11
5.664568e-11
5.665013e-11
5.665433e-11
5.666335e-11
5.664856e-11
5.664979e-11
5.664439e-11
5.664091e-11
5.663707e-11
5.663749e-11
5.663659e-11
5.661827e-11
5.660582e-11
5.657084e-11
5.655632e-11
5.655283e-11
5.656012e-11
5.656844e-11
5.659104e-11
-1e+20
