193.0056
193.9113
194.8168
195.7732
196.6961
197.7107
198.8085
199.9032
201.0161
202.0805
203.2027
204.2322
205.3674
206.428
207.4856
208.5472
209.6502
210.7502
211.8588
212.9288
214.0443
215.0256
216.0439
216.9744
217.9198
218.8068
219.6674
220.534
221.314
222.1052
222.832
223.6587
224.3578
225.0481
225.7621
226.4333
226.9484
227.5152
228.0563
228.6009
229.1497
229.6008
230.055
230.5247
230.9481
231.3938
231.6996
232.0181
232.3353
232.6513
232.9379
233.1933
233.3759
233.571
233.7316
233.8829
234.0448
234.1048
234.2102
234.3296
234.4137
234.5282
234.6463
234.7456
234.7973
234.8285
234.9267
234.9699
234.9871
235.0747
235.12
235.2172
235.2872
235.4069
235.4766
235.5485
235.578
235.6425
235.7041
235.6841
235.6964
235.686
235.7386
235.8123
235.8649
235.8075
235.8094
235.7794
235.7416
235.7067
235.6889
235.6995
235.7028
235.7345
235.6665
235.6408
235.6245
235.6164
235.5853
235.618
-1e+20
