4.560918e-11
4.582319e-11
4.603718e-11
4.626319e-11
4.648128e-11
4.672102e-11
4.698045e-11
4.723913e-11
4.750212e-11
4.775366e-11
4.801884e-11
4.826213e-11
4.853038e-11
4.878102e-11
4.903095e-11
4.928182e-11
4.954245e-11
4.980239e-11
5.006438e-11
5.031722e-11
5.058082e-11
5.081271e-11
5.105336e-11
5.127323e-11
5.149664e-11
5.170626e-11
5.190962e-11
5.211442e-11
5.229872e-11
5.24857e-11
5.265746e-11
5.285281e-11
5.3018e-11
5.318114e-11
5.334987e-11
5.350846e-11
5.36302e-11
5.376414e-11
5.389201e-11
5.402069e-11
5.415039e-11
5.4257e-11
5.436432e-11
5.447532e-11
5.457536e-11
5.468069e-11
5.475294e-11
5.482822e-11
5.490317e-11
5.497784e-11
5.504556e-11
5.510592e-11
5.514908e-11
5.519519e-11
5.523314e-11
5.526889e-11
5.530714e-11
5.532133e-11
5.534623e-11
5.537446e-11
5.539431e-11
5.542138e-11
5.544929e-11
5.547275e-11
5.548496e-11
5.549234e-11
5.551554e-11
5.552576e-11
5.552983e-11
5.555052e-11
5.556124e-11
5.55842e-11
5.560074e-11
5.562903e-11
5.564549e-11
5.566247e-11
5.566947e-11
5.568469e-11
5.569926e-11
5.569453e-11
5.569744e-11
5.569498e-11
5.57074e-11
5.572482e-11
5.573726e-11
5.572368e-11
5.572414e-11
5.571706e-11
5.570812e-11
5.569986e-11
5.569566e-11
5.569816e-11
5.569895e-11
5.570643e-11
5.569038e-11
5.56843e-11
5.568044e-11
5.567853e-11
5.567118e-11
5.56789e-11
-1e+20
